0 12.900000 3.016680
0 55.000000 96.533747
0 69.280000 844.670287
0 82.200000 181.000776
0 44.700000 24.133437
0 86.700000 603.335919
0 99.600000 1116.171451
0 88.100000 150.833980
0 101.000000 150.833980
0 33.500000 24.133437
0 35.000000 6.033359
0 79.540000 241.334368
0 121.600000 271.501164
0 134.500000 120.667184
0 149.300000 3.016680
0 25.950000 0.120667
0 59.400000 9.050039
0 60.600000 9.050039
0 147.610000 543.002327
0 160.490000 965.337471
0 37.470000 0.603336
0 72.500000 15.083398
0 90.000000 39.216835
0 159.200000 120.667184
0 172.000000 211.167572
0 52.320000 0.301668
0 86.100000 102.567106
0 105.000000 75.416990
0 174.300000 60.333592
0 88.100000 150.833980
0 106.850000 241.334368
0 176.100000 72.400310
0 85.000000 2.413344
0 118.700000 9.050039
0 137.400000 90.500388
0 206.800000 211.167572
0 51.060000 0.060334
0 88.500000 0.211168
0 140.900000 45.250194
0 53.700000 9.050039
0 70.600000 18.100078
0 108.000000 9.050039
0 143.000000 60.333592
0 229.700000 90.500388
0 242.600000 60.333592
0 83.000000 0.301668
0 161.400000 30.166796
0 230.900000 3.016680
0 243.900000 6.033359
0 55.800000 0.844670
0 57.560000 0.693836
0 72.500000 15.083398
0 143.650000 5.731691
0 162.600000 12.066718
0 231.790000 1.568673
0 216.600000 12.066718
0 121.600000 271.501164
0 143.000000 60.333592
0 146.000000 1.930675
0 176.100000 72.400310
0 283.400000 12.066718
0 415.600000 45.250194
0 460.200000 45.250194
0 351.700000 12.066718
0 439.600000 7.541699
0 441.000000 12.066718
0 527.600000 6.335027
0 540.400000 15.385066
1 57.766000 0.000835
1 129.065000 0.004301
1 270.245000 0.006149
1 328.000000 0.005243
1 191.353000 0.000219
1 209.253000 0.006913
1 338.320000 0.020029
1 141.020000 0.000089
1 332.370000 0.000711
1 503.823000 0.000323
1 774.100000 0.000107
1 478.330000 0.000371
1 546.470000 0.000357
1 688.100000 0.000119
1 816.710000 0.000053
1 874.440000 0.000084
1 610.640000 0.000041
1 880.760000 0.000011
1 616.220000 0.000142
1 944.196000 0.000169
1 572.140000 0.000267
1 640.340000 0.000096
1 449.150000 0.000085
1 782.142000 0.000862
1 911.204000 0.045852
1 968.971000 0.028080
1 583.410000 0.000197
1 651.510000 0.000160
1 792.800000 0.000142
1 921.980000 0.000026
1 979.480000 0.000046
1 620.380000 0.000142
1 688.100000 0.000119
1 958.610000 0.000498
1 1016.440000 0.000034
1 835.710000 0.002861
1 964.766000 0.008868
1 540.760000 0.000046
1 663.820000 0.000050
1 873.170000 0.000055
1 904.200000 0.001368
1 1033.248000 0.000357
1 100.410000 0.000165
1 153.977000 0.001283
1 726.863000 0.001102
1 794.947000 0.007553
1 1065.180000 0.000235
1 173.964000 0.000062
1 184.540000 0.000124
1 214.850000 0.001351
1 278.950000 0.000284
1 321.646000 0.000402
1 1095.679000 0.000229
1 1153.520000 0.000247
1 77.340000 0.000046
1 145.849000 0.000281
1 199.407000 0.000560
1 648.840000 0.000071
1 772.291000 0.002648
1 840.377000 0.001617
1 1110.610000 0.000507
1 987.710000 0.000137
1 231.420000 0.000044
1 988.630000 0.000137
1 1117.630000 0.000096
1 1175.310000 0.000043
1 135.540000 0.000032
1 204.026000 0.000199
1 707.410000 0.000275
1 830.486000 0.000960
1 1039.650000 0.000078
1 778.230000 0.000039
1 901.230000 0.000028
1 1110.610000 0.000034
1 168.650000 0.000018
1 824.934000 0.000089
1 947.982000 0.000188
1 1016.440000 0.000034
1 1157.140000 0.000012
1 1286.270000 0.000089
1 471.760000 0.000059
1 1019.860000 0.000037
1 1088.180000 0.000010
1 1229.400000 0.000013
1 257.520000 0.000053
1 263.580000 0.000071
1 278.950000 0.000055
1 340.960000 0.000656
1 409.462000 0.003412
1 452.470000 0.000027
1 463.004000 0.007820
1 1103.410000 0.000027
1 1245.050000 0.000169
1 1374.190000 0.000025
1 18.400000 0.000025
1 223.850000 0.000096
1 282.000000 0.000128
1 327.440000 0.000213
1 480.940000 0.000041
1 930.930000 0.000022
1 1054.110000 0.000032
1 99.509000 0.002239
1 356.940000 0.000030
1 377.990000 0.000044
1 440.440000 0.000215
1 508.959000 0.000800
1 562.500000 0.001546
1 1135.240000 0.000017
1 1344.590000 0.000016
1 416.300000 0.000023
1 1142.850000 0.000018
1 648.840000 0.000071
1 1430.950000 0.000062
1 1559.850000 0.000036
1 470.250000 0.000023
1 515.060000 0.000087
1 1309.710000 0.000034
1 1451.400000 0.000019
1 1580.530000 0.001066
1 1638.281000 0.000835
1 474.750000 0.000039
1 520.151000 0.000119
1 627.230000 0.000025
1 674.160000 0.000194
1 674.750000 0.003732
1 699.080000 0.000066
1 1247.080000 0.000889
1 1315.340000 0.000027
1 114.560000 0.000017
1 419.420000 0.000037
1 492.370000 0.000042
1 523.131000 0.000183
1 555.120000 0.000082
1 623.270000 0.000020
1 629.400000 0.000080
1 666.450000 0.000101
1 677.110000 0.000110
1 1250.040000 0.000110
1 1459.138000 0.001475
1 1588.200000 0.005723
1 660.100000 0.000009
1 1495.910000 0.001528
1 1625.060000 0.000453
1 457.170000 0.000027
1 1164.500000 0.000116
1 1287.680000 0.000142
1 42.460000 0.000016
1 672.000000 0.000046
1 813.770000 0.000012
1 1501.570000 0.000818
1 1630.627000 0.002684
1 497.490000 0.000010
1 548.730000 0.000041
1 570.910000 0.000323
1 701.747000 0.000307
1 755.315000 0.001777
1 1537.890000 0.000084
1 1666.523000 0.000316
1 1724.210000 0.000052
1 1217.030000 0.000037
1 1357.780000 0.000036
1 1548.650000 0.000068
1 1677.670000 0.000096
1 399.620000 0.000052
1 590.400000 0.000030
1 684.000000 0.000034
1 1347.500000 0.000027
1 1365.700000 0.000025
1 1415.660000 0.000037
1 1557.110000 0.000316
1 1686.090000 0.000169
1 326.040000 0.000059
1 1571.520000 0.000010
1 1700.590000 0.000018
1 737.720000 0.000066
1 791.490000 0.000018
1 1573.260000 0.000059
1 1702.430000 0.000085
1 1276.690000 0.000025
1 1738.220000 0.000032
1 1401.490000 0.000021
1 1469.710000 0.000036
1 1740.400000 0.000020
1 1797.500000 0.000004
1 666.450000 0.000009
1 692.500000 0.000010
1 770.040000 0.000011
1 870.460000 0.000078
1 924.030000 0.000013
1 1706.190000 0.000015
1 1835.430000 0.000068
1 877.460000 0.000025
1 930.930000 0.000022
1 1713.470000 0.000010
1 1842.130000 0.000075
1 1900.070000 0.000005
1 490.330000 0.000020
1 1074.710000 0.000018
1 1907.180000 0.000021
1 168.650000 0.000005
1 389.120000 0.000018
1 1742.000000 0.000014
1 1870.830000 0.000043
1 397.940000 0.000048
1 1062.550000 0.000018
1 1750.540000 0.000014
1 1879.600000 0.000002
1 718.480000 0.000034
1 776.560000 0.000034
1 791.490000 0.000023
1 853.170000 0.000006
1 921.980000 0.000026
1 975.960000 0.000089
1 1000.690000 0.000009
1 1758.110000 0.000062
1 1887.100000 0.000160
1 1772.200000 0.000003
1 1958.400000 0.000003
1 1017.920000 0.000010
1 1609.410000 0.000014
1 1800.860000 0.000008
1 1929.780000 0.000035
1 214.850000 0.000052
1 372.570000 0.000012
1 887.330000 0.000048
1 918.970000 0.000048
1 1040.920000 0.000078
1 1823.220000 0.000078
1 1952.330000 0.000105
1 1826.700000 0.000004
1 1955.900000 0.000001
1 384.630000 0.000012
1 1053.090000 0.000023
1 1148.120000 0.000010
1 1190.810000 0.000011
1 1965.240000 0.000036
1 939.870000 0.000016
1 1013.580000 0.000008
1 1971.900000 0.000006
1 2029.400000 0.000003
1 1850.130000 0.000008
1 1979.300000 0.000003
1 1795.100000 0.000004
1 1936.300000 0.000004
5 351.070000 2560665.819797
6 39.857000 0.001345
6 288.200000 0.000426
6 328.030000 0.000159
6 433.700000 0.000021
6 473.000000 0.000064
6 452.980000 0.000459
6 493.300000 0.000005
6 576.000000 0.000000
6 620.000000 0.000001
8 271.100000 0.643382
8 293.500000 7.809328
8 401.600000 0.155299
8 517.500000 0.332784
8 609.000000 0.221856
8 384.000000 0.044371
8 677.600000 0.133114
8 542.700000 0.066557
8 564.400000 0.221856
8 836.300000 0.199670
8 784.000000 0.110928
8 806.500000 0.133114
8 905.000000 0.066557
8 776.900000 0.266227
8 1023.100000 0.199670
8 1294.500000 0.199670
8 1104.500000 0.488083
8 1127.700000 0.155299
8 1399.200000 0.266227
9 58.900000 2.194025
9 150.900000 15.358172
9 23.000000 19.197715
9 145.300000 0.548506
10 265.832000 0.000000
10 304.896000 0.000000
10 344.520000 0.000000
10 383.590000 0.000000
10 649.420000 0.000000
11 27.360000 7982765.186784
11 29.970000 73909.829095
11 16.500000 168720.904579
11 19.600000 264413.357922
11 46.340000 142279.568787
11 44.140000 42306.137267
11 74.150000 16998.001581
11 38.200000 110801.788082
11 54.600000 53512.227198
11 57.190000 25056.313441
11 25.480000 90656.008430
11 35.830000 12339.290036
11 63.640000 33996.003161
11 52.710000 58548.672111
11 96.840000 63962.850393
11 60.500000 4029.155930
11 77.340000 43691.159619
11 102.600000 10072.889826
11 71.900000 1510.933474
11 124.580000 3286.280306
11 23.600000 3525.511439
11 100.850000 17375.734949
11 72.670000 2266.400211
11 144.400000 8813.778597
11 161.000000 0.000000
11 198.890000 3198.142520
11 243.080000 25685.869055
11 246.040000 8813.778597
11 273.150000 44068.892987
11 219.900000 188.866684
11 230.000000 1259.111228
11 258.440000 1787.937944
11 277.390000 2644.133579
11 245.600000 5124.582699
11 255.780000 80834.940850
11 283.682000 1259111.228199
11 300.066000 1839561.504399
11 302.667000 1737573.494915
11 330.055000 1036248.540808
11 24.500000 3777.333685
11 327.140000 27448.624775
11 354.480000 73406.184604
11 57.190000 2140.489088
11 260.190000 138628.146225
11 277.220000 51875.382602
11 302.667000 133465.790189
11 312.920000 75294.851446
11 340.710000 134976.723663
11 357.110000 127925.700785
11 387.000000 226.640021
11 351.500000 2895.955825
11 379.350000 37899.247969
11 395.500000 1775.346832
11 398.140000 7189.525113
11 407.806000 27121.255855
11 435.000000 2228.626874
11 50.830000 1510.933474
11 363.840000 6081.507232
11 391.610000 5137.173811
11 410.300000 1372.431239
11 438.010000 3449.964765
11 359.330000 6434.058376
11 384.700000 2782.635814
11 228.000000 239.231133
11 427.000000 503.644491
11 471.300000 151.093347
11 501.400000 591.782277
11 232.200000 604.373390
11 491.000000 302.186695
11 509.700000 705.102288
11 478.400000 89.396897
11 486.827000 1183.564555
11 516.200000 1045.062319
11 535.600000 465.871154
11 546.500000 629.555614
11 571.600000 377.733368
11 583.000000 3273.689193
11 609.000000 5414.178281
12 43.490000 6253.679368
12 99.860000 161553.383664
12 152.710000 302261.169436
12 200.970000 45339.175415
12 742.810000 104227.989461
12 786.270000 60452.233887
12 766.400000 3647.979631
12 810.000000 0.000000
12 705.900000 114650.788407
12 805.800000 127679.287089
12 41.820000 0.000000
12 708.300000 1146.507884
12 808.400000 1823.989816
12 851.800000 3647.979631
12 783.400000 15113.058472
12 883.240000 484660.150993
12 926.720000 364797.963113
12 804.100000 31268.396838
12 904.200000 17197.618261
12 666.500000 58888.814045
12 819.200000 95368.610357
12 825.100000 95368.610357
12 925.000000 396066.359951
12 62.700000 78170.992096
12 140.150000 25535.857418
12 203.120000 62015.653729
12 946.000000 677481.931495
12 34.300000 171.976183
12 54.960000 469.025953
12 97.170000 11986.218788
12 174.550000 8338.239157
12 880.500000 213667.378395
12 980.300000 135496.386299
12 54.960000 469.025953
12 727.800000 5732.539420
12 880.500000 312683.968382
12 980.300000 88593.791042
12 45.450000 1354.963863
12 79.840000 3126.839684
12 100.890000 6253.679368
12 106.680000 1823.989816
12 220.000000 7295.959262
12 926.000000 88593.791042
12 233.600000 0.000000
12 235.900000 0.000000
12 298.700000 677.481931
12 942.000000 2293.015768
12 1041.100000 1615.533837
12 1085.300000 1354.963863
12 794.900000 33874.096575
12 947.700000 81818.971727
12 799.700000 0.000000
12 952.700000 4169.119578
12 628.100000 11986.218788
12 829.300000 18239.898156
12 137.230000 1354.963863
12 199.950000 3647.979631
12 275.040000 4690.259526
12 316.700000 5211.399473
12 340.200000 2032.445794
12 1083.200000 25535.857418
12 1126.800000 15113.058472
12 58.200000 432.546156
12 103.770000 11986.218788
12 164.940000 2605.699737
12 278.300000 2084.559789
12 831.500000 208455.978922
12 984.200000 81818.971727
12 196.800000 3647.979631
12 313.500000 5211.399473
12 1021.800000 7295.959262
12 1121.700000 12507.358735
12 675.100000 5055.057489
12 876.000000 127679.287089
12 1028.700000 28662.697102
12 67.250000 1823.989816
12 69.460000 885.937910
12 125.460000 39606.635995
12 232.210000 8859.379104
12 898.670000 164159.083401
12 267.120000 8859.379104
12 365.000000 885.937910
12 918.400000 5002.943494
12 1171.300000 4533.917542
12 247.790000 18.761038
12 310.520000 6.774819
12 387.940000 35.958656
12 427.400000 1.563420
12 450.930000 198.033180
12 1194.000000 1042.279895
12 1237.300000 469.025953
12 764.800000 9901.658999
12 965.800000 23972.437576
12 978.200000 4533.917542
12 149.880000 3647.979631
12 780.400000 45339.175415
12 981.600000 36479.796311
12 75.000000 0.000000
12 343.800000 1719.761826
12 365.000000 0.000000
12 385.400000 2084.559789
12 379.100000 2084.559789
12 1044.400000 1563.419842
12 143.780000 16155.338366
12 159.480000 32831.816680
12 226.500000 213667.378395
12 249.220000 125073.587353
12 293.790000 151130.584718
12 295.910000 7295.959262
12 330.400000 15634.198419
12 351.900000 20845.597892
12 397.700000 1354.963863
12 458.680000 57325.394203
12 1125.200000 18239.898156
12 1277.700000 2240.901773
12 275.040000 0.000000
12 320.400000 2605.699737
12 1151.400000 1615.533837
12 468.000000 0.000000
12 669.700000 26.056997
12 1414.400000 135.496386
12 559.200000 3647.979631
12 1342.900000 625.367937
12 1442.800000 1563.419842
12 221.830000 3647.979631
12 330.400000 23451.297629
12 369.500000 125073.587353
12 426.950000 22930.157681
12 472.300000 18239.898156
12 506.750000 65142.493413
12 527.900000 19803.317998
12 569.500000 416911.957843
12 646.500000 5732.539420
12 1352.900000 58367.674098
12 1452.700000 40648.915890
12 1359.000000 7817.099210
12 1458.900000 4690.259526
12 464.200000 1563.419842
12 543.800000 6774.819315
12 1389.600000 3647.979631
12 372.000000 61494.513782
12 409.800000 17197.618261
12 446.600000 5732.539420
12 468.000000 10943.938893
12 513.400000 38043.216153
12 513.400000 19282.178050
12 568.900000 182398.981556
12 590.300000 1823.989816
12 685.100000 0.000000
12 1241.200000 11465.078841
12 1393.900000 104227.989461
12 1493.600000 5211.399473
12 474.200000 1823.989816
12 575.500000 1354.963863
12 617.000000 2605.699737
12 1247.800000 1094.393889
12 1400.300000 8859.379104
12 1500.000000 573.253942
12 452.400000 1354.963863
12 478.600000 0.000000
12 1252.600000 885.937910
12 131.300000 911994.907782
12 461.500000 1719.761826
12 529.100000 4690.259526
12 584.100000 8859.379104
12 604.600000 2605.699737
12 1256.500000 2970.497700
12 1409.100000 2240.901773
12 558.000000 4690.259526
12 619.000000 1823.989816
12 634.300000 0.000000
12 394.100000 4690.259526
12 461.500000 0.000000
12 498.000000 3126.839684
12 519.600000 19803.317998
12 565.200000 52113.994730
12 1292.800000 23451.297629
12 1445.400000 16155.338366
12 357.900000 1823.989816
12 446.600000 0.000000
12 529.100000 0.000000
12 657.400000 19803.317998
12 1475.800000 416.911958
12 553.700000 2240.901773
12 1354.600000 6774.819315
12 629.400000 17718.758208
12 663.900000 27099.277260
12 1510.100000 469.025953
12 140.910000 15634.198419
12 272.280000 54719.694467
12 416.100000 1823.989816
12 478.600000 6253.679368
12 498.000000 0.000000
12 521.400000 37522.076206
12 565.200000 0.000000
12 602.600000 27099.277260
12 624.200000 17718.758208
12 669.700000 50029.434941
12 730.900000 31789.536786
12 745.900000 16155.338366
12 844.100000 21366.737839
12 1397.500000 4169.119578
12 1550.100000 3647.979631
12 595.400000 4690.259526
12 653.700000 23451.297629
12 699.030000 182398.981556
12 733.390000 349163.764694
12 761.000000 3647.979631
12 874.000000 1823.989816
12 1679.500000 3856.435610
12 134.610000 5732.539420
12 170.850000 25535.857418
12 179.800000 2240.901773
12 186.150000 89114.930989
12 227.250000 291838.370490
12 558.000000 0.000000
12 596.900000 0.000000
12 632.600000 1823.989816
12 699.030000 0.000000
12 755.000000 61494.513782
12 796.100000 130284.986826
12 1426.900000 8338.239157
12 1579.900000 3647.979631
12 713.700000 7295.959262
12 748.100000 5211.399473
12 1594.000000 15634.198419
12 1693.800000 34916.376469
12 612.000000 19282.178050
12 811.500000 6253.679368
12 1695.000000 13549.638630
12 634.300000 6774.819315
12 692.600000 62536.793676
12 738.000000 58367.674098
12 772.400000 3647.979631
12 792.800000 2240.901773
12 1618.300000 469.025953
12 802.300000 1563.419842
12 1627.300000 3804.321615
12 1727.800000 990.165900
12 59.190000 1615.533837
12 193.730000 25014.717471
12 245.370000 38043.216153
12 360.600000 885.937910
12 617.000000 0.000000
12 655.200000 6774.819315
12 758.900000 12507.358735
12 814.200000 15634.198419
12 1485.400000 1511.305847
12 1638.100000 10422.798946
12 857.700000 1823.989816
12 1488.000000 677.481931
12 1640.500000 521.139947
12 240.200000 2605.699737
12 769.100000 9380.519051
12 1496.000000 1823.989816
12 1650.200000 260.569974
12 1750.000000 3231.067673
12 596.900000 9901.658999
12 683.900000 7817.099210
12 685.100000 7295.959262
12 848.900000 1354.963863
12 863.200000 3647.979631
12 960.000000 3647.979631
12 1515.600000 3647.979631
12 1668.400000 38564.356100
12 1768.000000 990.165900
12 994.600000 3126.839684
12 1700.500000 5211.399473
12 1567.000000 573.253942
12 1719.700000 885.937910
12 716.500000 1563.419842
12 755.000000 0.000000
12 1585.900000 7295.959262
12 1737.700000 3752.207621
12 1838.000000 0.000000
12 989.500000 5211.399473
12 1773.000000 3387.409657
12 1872.800000 1771.875821
12 165.610000 3647.979631
12 308.600000 1042.279895
12 586.300000 3647.979631
12 653.700000 0.000000
12 713.700000 0.000000
12 1783.700000 1250.735874
12 1884.100000 781.709921
12 916.500000 1198.621879
12 1644.900000 521.139947
12 1797.100000 11986.218788
12 1896.700000 5211.399473
12 221.150000 2605.699737
12 235.110000 5732.539420
12 502.000000 1354.963863
12 890.100000 1354.963863
12 935.800000 3335.295663
12 1110.600000 3126.839684
12 1173.100000 2293.015768
12 1815.300000 469.025953
12 1915.500000 990.165900
12 1672.800000 1719.761826
12 1825.100000 469.025953
12 257.200000 2605.699737
12 433.100000 4690.259526
12 1685.700000 15634.198419
12 1838.000000 2084.559789
12 1937.700000 2084.559789
12 1037.900000 885.937910
12 1073.600000 5211.399473
12 1151.400000 0.000000
12 1051.400000 3126.839684
12 1057.800000 885.937910
12 1723.200000 781.709921
12 1977.400000 833.823916
12 310.200000 3647.979631
12 481.000000 15634.198419
12 537.200000 4169.119578
12 1009.900000 3335.295663
12 1065.100000 1354.963863
12 1106.900000 4169.119578
12 1182.100000 469.025953
12 1890.100000 7295.959262
12 1989.600000 364.797963
12 1741.100000 2449.357752
12 1893.400000 312.683968
12 975.100000 1354.963863
12 997.700000 2293.015768
12 1770.800000 3387.409657
12 331.400000 3647.979631
12 1925.400000 15113.058472
12 839.500000 1563.419842
12 1009.900000 0.000000
12 1032.800000 885.937910
12 1805.800000 260.569974
12 1958.000000 500.294349
12 534.100000 4169.119578
12 562.800000 1823.989816
12 1019.500000 1354.963863
12 1153.500000 2293.015768
12 1819.800000 208.455979
12 1971.200000 135.496386
12 2072.200000 208.455979
12 869.700000 9901.658999
12 1217.300000 10943.938893
14 404.853000 743710.875434
14 362.072000 8376.265833
14 766.510000 121328.941453
14 65.420000 15229.574241
14 427.088000 345203.682795
14 832.010000 692945.627964
14 546.000000 0.000000
14 951.000000 4315.046035
14 609.380000 8376.265833
14 1014.640000 3401.271580
14 313.590000 6091.829696
14 676.690000 2538.262373
14 1080.160000 2411.349255
14 1103.520000 913.774454
14 95.000000 3553.567323
14 342.910000 6853.308408
14 704.640000 90869.792971
14 1109.480000 22590.535124
14 430.000000 1269.131187
14 1196.330000 2005.227275
14 1234.300000 253.826237
14 504.120000 1142.218068
14 865.930000 1167.600692
14 1270.710000 1345.279058
15 115.183000 0.000754
15 123.500000 0.000000
15 238.632000 0.055132
15 176.680000 0.000066
15 300.087000 0.004173
15 415.200000 0.000017
16 53.225600 0.000476
16 9.500000 0.000000
16 196.200000 0.000030
16 205.680000 0.000005
16 258.860000 0.000236
16 241.995000 0.003223
16 295.224000 0.008197
16 351.932000 0.015854
16 314.320000 0.000033
16 323.830000 0.000013
16 274.800000 0.000149
16 480.430000 0.000149
16 533.660000 0.000080
16 538.430000 0.000008
16 305.260000 0.000014
16 462.010000 0.000094
16 487.110000 0.000192
16 543.820000 0.000022
16 580.130000 0.000164
16 785.960000 0.000470
16 839.060000 0.000258
16 511.000000 0.000007
17 803.060000 0.000000
18 569.650000 290.317290
18 328.200000 1.741904
18 897.800000 299.026808
18 1063.656000 0.391928
20 799.700000 0.000005
20 298.000000 0.000000
22 804.900000 0.000002
24 0.076500 536045.849693
24 12.975000 1830844596737.098389
24 46.210000 3871081977.265243
24 38.661000 560528375071.416626
24 51.624000 1461454249946.739502
24 30.040000 11650829251.963354
24 68.696000 19328564657.635056
24 56.828000 61851406904.432182
24 103.060000 11575662611.628105
24 47.600000 3355653586.394975
24 77.592000 20402373805.281448
24 116.260000 30442489335.775215
24 129.296000 338786786082.436646
24 68.740000 6979759459.701548
24 98.780000 78656520065.098221
24 67.674000 8144842384.897882
24 124.510000 3656320147.735964
24 41.930000 7838806777.818662
24 89.640000 1449642349.322629
24 119.700000 1127499605.028712
24 125.210000 3022772750.624593
24 158.100000 53690457.382320
24 171.393000 5905950312.055156
24 46.680000 2496606268.277862
24 115.380000 24804991310.631657
24 54.039000 10437424915.122929
24 96.140000 2034868334.789913
24 122.350000 51005934.513204
24 143.350000 928844912.714129
24 173.700000 166440417.885191
24 179.220000 3543570187.233093
24 225.420000 810725906.473026
24 78.430000 8279068528.353682
24 146.094000 6389164428.496033
24 65.708000 2791903783.880620
24 119.700000 510059345.132036
24 188.230000 585225985.467284
24 244.920000 273821332.649830
24 97.600000 4697915020.952965
24 144.201000 15194399439.196447
24 161.450000 6603926258.025311
24 203.550000 30549870250.539852
24 281.200000 112749960.502871
24 319.680000 257714195.435134
24 332.845000 26523085946.865883
24 89.700000 107380914.764639
24 167.810000 155702326.408727
24 160.190000 332880835.770382
24 141.657000 1718094636.234227
24 195.679000 5744878939.908196
24 237.770000 773142586.305402
24 285.300000 102011869.026407
24 320.862000 2910022790.121722
24 354.000000 39194033.889093
24 367.073000 4778450707.026444
24 263.950000 1422797120.631469
24 341.506000 3554308278.709558
24 380.191000 16375589501.607477
24 393.140000 18684279169.047218
24 123.620000 1272463839.960974
24 189.360000 4456307962.732527
24 218.000000 64428548.858784
24 243.380000 1358368571.772686
24 311.780000 1385213800.463846
24 368.554000 4724760249.644125
24 255.384000 4295236590.585567
24 297.460000 2673784777.639516
24 345.013000 29851894304.569698
24 375.054000 83434970772.124649
24 413.713000 78710210522.480530
24 426.680000 1250987657.008047
24 316.410000 708714037.446619
24 399.530000 316773698.555686
24 445.720000 472476024.964413
24 248.950000 386571293.152701
24 302.870000 273821332.649830
24 323.840000 2893915652.907026
24 345.014000 2684522869.115980
24 392.530000 11006543763.375517
24 422.598000 6550235800.642991
24 428.400000 53690457.382320
24 461.250000 121877338.257865
24 473.900000 2899284.698645
24 406.800000 134226143.455799
24 463.900000 15033328.067049
24 242.080000 391940338.890933
24 307.850000 295297515.602758
24 336.113000 6013331226.819795
24 361.890000 655023580.064299
24 382.750000 13905828462.020775
24 430.080000 230868966.743974
24 451.481000 10168972628.211332
24 481.660000 246976103.958670
24 487.060000 14227971.206315
24 411.200000 365095110.199773
24 457.610000 79998781.499656
24 526.400000 3060356.070792
24 633.150000 135836857.177269
24 586.300000 8214639.979495
24 624.780000 23462729.876074
24 637.700000 137447570.898738
24 637.800000 137447570.898738
24 265.700000 85904731.811711
24 645.940000 816094952.211258
24 658.860000 520797436.608500
24 493.080000 46710697.922618
24 582.890000 33019631.290127
24 612.830000 51005934.513204
24 618.280000 109528533.059932
24 664.580000 89126159.254651
24 624.780000 23462729.876074
24 670.990000 483214.116441
24 550.500000 22549992.100574
24 597.990000 89663063.828474
24 619.210000 64965453.432607
24 649.320000 38120224.741447
24 654.880000 120803529.110219
24 701.100000 27489514.179748
24 652.050000 354357018.723309
24 690.810000 48321411.644088
24 703.680000 212077306.660162
24 617.100000 71945212.892308
24 674.050000 27650585.551895
24 720.300000 1530178.035396
24 579.400000 4617379.334879
24 599.600000 10738091.476464
24 668.200000 2093927.837910
24 123.228000 85904.731812
24 747.400000 4348927.047968
24 639.990000 467106979.226180
24 756.400000 150333280.670495
24 769.150000 273821332.649830
24 718.000000 150333280.670495
24 756.400000 35972606.446154
24 769.370000 365095110.199773
24 606.900000 6442854.885878
24 674.400000 27650585.551895
24 697.800000 3973093.846292
24 727.900000 6657616.715408
24 766.470000 6979759.459702
24 779.400000 7301902.203995
24 172.560000 161071.372147
24 412.300000 966428.232882
24 792.900000 1073809.147646
24 805.900000 1449642.349323
24 596.000000 2093927.837910
24 670.800000 483214.116441
24 769.540000 4295236.590586
24 808.400000 6496545.343261
24 821.300000 2684522.869116
24 714.710000 4241546.133203
24 843.780000 7194521.289231
24 763.600000 1181190.062411
24 693.200000 1073809.147646
24 736.500000 1610713.721470
24 813.700000 2416070.582204
24 720.300000 1073809.147646
24 762.600000 536904.573823
24 840.400000 2577141.954351
24 879.200000 1932856.465764
24 891.000000 4026784.303674
24 955.600000 1664404.178852
24 968.370000 1503332.806705
24 918.700000 450999.842011
24 957.600000 1718094.636234
24 816.000000 1288570.977176
24 940.300000 2684522.869116
24 767.290000 7516664.033525
24 821.300000 536904.573823
24 979.700000 1503332.806705
24 992.700000 1449642.349323
24 832.500000 1589237.538517
24 1005.700000 966428.232882
24 1057.300000 2416070.582204
24 986.900000 1127499.605029
25 45.243000 542828052105.771301
25 104.237000 89717414167.481644
25 160.308000 5099065359.826898
25 212.470000 13570701.302644
25 538.090000 1784295.912014
25 642.230000 156816992.830556
25 687.590000 42973887.458374
25 699.000000 314136.604228
25 873.980000 7287969.218087
25 958.000000 1256546.416912
25 960.000000 628273.208456
25 967.000000 628273.208456
26 4.413000 4.582208
26 9.987000 3314.121022
26 14.400000 3905.928348
26 122.319000 256489.294827
26 31.980000 21.305064
26 144.235000 682945.653508
26 154.208000 1183614.650793
26 158.635000 145111.156187
26 110.856000 10273.775169
26 255.200000 9835.837748
26 269.463000 2615788.378253
26 179.540000 31638.019616
26 323.871000 716086.863730
26 334.010000 14854.363867
26 338.282000 511321.529143
26 328.380000 39769.452267
26 342.870000 34324.824873
26 249.300000 7362.083128
26 362.052000 5196.068317
26 371.676000 85456.977787
26 376.100000 1088.925479
26 34.500000 0.000000
26 362.900000 3657.369271
26 372.900000 16333.882181
26 270.300000 142.033758
26 102.200000 177.542198
26 106.780000 4509.571820
26 175.600000 3102.254000
26 430.600000 4604.260992
26 445.033000 239563.605321
26 69.500000 1420.337581
26 104.230000 2343.557009
26 108.500000 1183.614651
26 177.300000 8403.664021
26 288.180000 29235.281875
26 432.120000 6142.960038
26 114.700000 2012.144906
26 138.300000 520.790446
26 355.700000 579.971179
26 387.700000 1017.908600
26 500.000000 272.231370
26 510.000000 82.853026
26 70.900000 722.004937
26 165.800000 816.694109
26 382.800000 366.920542
26 527.611000 12984.252719
26 537.600000 579.971179
26 542.000000 331.412102
26 103.200000 1183.614651
26 147.200000 1183.614651
26 251.600000 12510.806859
26 255.700000 1065.253186
26 579.600000 284.067516
26 594.000000 284.067516
26 221.320000 5882.564814
26 260.400000 1301.976116
26 584.300000 284.067516
26 598.721000 16949.361799
26 246.200000 1893.783441
26 609.310000 6000.926280
26 619.100000 946.891721
26 623.500000 1503.190607
26 131.600000 1065.253186
26 199.300000 579.971179
26 487.500000 1290.139969
26 631.700000 828.530256
26 641.700000 343.248249
26 646.100000 828.530256
26 545.800000 402.428981
26 112.600000 0.000000
26 368.560000 2639.460671
26 696.900000 142.033758
26 711.300000 662.824204
26 286.000000 236.722930
26 355.500000 864.038695
26 390.100000 1029.744746
26 574.100000 402.428981
26 718.400000 284.067516
26 728.400000 497.118153
26 732.800000 118.361465
27 240.986000 0.005186
27 292.700000 0.000008
27 404.200000 0.000003
27 645.500000 0.000007
27 422.040000 0.000004
28 186.211000 0.001619
28 262.270000 0.000002
28 414.600000 0.000000
28 600.660000 0.000000
28 34.800000 0.000000
28 187.100000 0.000000
28 449.370000 0.000000
29 6.280000 0.000000
29 6.670000 0.000000
29 13.520000 0.002844
29 12.750000 0.000540
29 26.400000 0.000000
30 609.310000 0.000000
30 665.300000 0.000000
31 271.230000 2123428.242110
31 293.560000 14439.312046
31 130.600000 25481.138905
31 401.810000 1295291.227687
31 224.000000 276.045671
31 517.600000 8706.055793
31 608.300000 849.371297
31 383.100000 84.937130
31 405.400000 48.838850
31 676.660000 3397.485187
31 436.900000 59.455991
31 708.100000 63.702847
31 330.800000 191.108542
31 461.600000 31.851424
31 732.800000 12.740569
31 564.100000 297.279954
31 835.300000 318.514236
31 877.200000 63.702847
31 373.500000 48.838850
31 489.300000 123.158838
31 619.900000 63.702847
31 891.100000 148.639977
31 321.800000 16.987426
31 556.100000 10.617141
31 671.900000 42.468565
31 802.500000 63.702847
31 1073.700000 63.702847
31 576.600000 16.987426
32 549.730000 0.000144
33 510.000000 0.000034
34 29.860000 14817.075387
34 20.250000 46209.184257
34 50.130000 1632389.661262
34 31.580000 13310.254161
34 61.441000 17579.580967
34 29.600000 1004.547484
34 49.820000 82875.167418
34 79.690000 379216.675155
34 43.800000 10798.885451
34 75.010000 5273.874290
34 44.220000 10296.611710
34 62.450000 39428.488741
34 73.630000 2762.505581
34 93.880000 294081.275898
34 6.500000 17579.580967
34 68.740000 11301.159193
34 100.270000 16323.896613
34 44.400000 753.410613
34 50.850000 3013.642452
34 69.800000 2009.094968
34 94.970000 4771.600548
34 113.110000 105477.485805
34 44.400000 2511.368710
34 113.110000 30136.424516
34 173.450000 3390.347758
34 184.650000 7031.832387
34 204.980000 31894.382612
34 234.760000 87897.904837
34 72.850000 4771.600548
34 117.200000 38675.078128
34 123.580000 2762.505581
34 105.200000 0.000000
34 150.140000 2159.777090
34 175.800000 4018.189935
34 200.500000 2511.368710
34 218.900000 21346.634032
34 250.150000 1732.844410
34 235.960000 2511368.709634
34 256.230000 1363673.209331
34 286.090000 339034.775801
34 141.420000 23104.592129
34 43.770000 41437.583709
34 94.970000 4771.600548
34 206.080000 49473.963580
34 250.270000 87897.904837
34 279.800000 10547.748580
34 299.980000 429444.049347
34 329.850000 572592.065797
34 48.300000 2762.505581
34 54.190000 1255.684355
34 99.580000 5022.737419
34 204.140000 44200.089290
34 210.620000 243602.764835
34 254.630000 138125.279030
34 272.910000 98947.927160
34 284.240000 7785.243000
34 304.500000 223511.815157
34 334.370000 221000.446448
34 56.420000 1757.958097
34 107.760000 1506.821226
34 262.870000 20844.360290
34 281.420000 34656.888193
34 292.410000 12807.980419
34 312.690000 100454.748385
34 342.550000 67806.955160
34 62.450000 39428.488741
34 107.760000 1506.821226
34 168.360000 2888.074016
34 212.700000 15319.349129
34 218.900000 21346.634032
34 281.420000 34656.888193
34 8.150000 1506.821226
34 64.350000 5022.737419
34 300.500000 2762.505581
34 350.540000 21346.634032
34 134.600000 6529.558645
34 289.590000 376705.306445
34 319.240000 6278.421774
34 369.350000 1205.456981
34 33.390000 1506.821226
34 41.930000 5525.011161
34 46.450000 0.000000
34 96.030000 13561.391032
34 141.420000 23104.592129
34 201.640000 4620.918426
34 246.120000 2385.800274
34 252.500000 21597.770903
34 296.500000 85386.536128
34 314.850000 95432.010966
34 325.990000 1230.570668
34 346.450000 2335.572900
34 376.270000 1004.547484
34 62.680000 1406.366477
34 124.440000 803.637987
34 169.950000 1079.888545
34 229.900000 753.410613
34 280.700000 502.273742
34 324.880000 2009.094968
34 374.800000 301.364245
34 109.200000 1029.661171
34 249.600000 1506.821226
34 362.630000 9869.679029
34 56.000000 954.320110
34 89.600000 753.410613
34 102.500000 226.023184
34 308.400000 3289.893010
34 352.610000 1958.867594
34 370.930000 778.524300
34 382.200000 1255.684355
34 402.200000 1506.821226
34 432.330000 803.637987
34 99.600000 2511.368710
34 162.190000 1506.821226
34 267.860000 1381.252790
34 318.460000 1305.911729
34 20.940000 502.273742
34 40.200000 3013.642452
34 68.740000 11301.159193
34 110.650000 627.842177
34 197.560000 2511.368710
34 270.560000 5525.011161
34 314.850000 95432.010966
34 383.510000 4771.600548
34 415.110000 276.250558
34 117.200000 0.000000
34 212.700000 3767.053064
34 225.500000 1757.958097
34 285.520000 8538.653613
34 398.600000 276.250558
34 54.190000 125.568435
34 267.050000 2009.094968
34 339.760000 753.410613
34 289.770000 3767.053064
34 466.800000 95.432011
34 632.300000 27.625056
34 662.800000 11.552296
34 722.100000 72.829693
34 734.400000 20.090950
34 754.100000 47.716005
34 784.200000 19.337539
34 452.900000 50.227374
34 457.500000 13.561391
34 552.400000 45.204637
34 707.200000 7.785243
34 738.400000 13.561391
34 756.900000 37.670531
34 787.400000 7.785243
34 792.600000 5.776148
34 569.000000 115.522961
34 723.500000 52.738743
34 754.100000 47.716005
34 803.900000 125.568435
34 756.900000 37.670531
34 787.400000 7.785243
34 818.000000 32.647793
34 480.000000 57.761480
34 493.100000 105.477486
34 536.900000 213.466340
34 589.000000 11.552296
34 773.400000 30.136425
34 792.600000 7.785243
34 823.400000 502.273742
34 746.400000 20.090950
34 766.300000 57.761480
34 775.800000 301.364245
34 826.700000 32.647793
34 507.500000 128.079804
34 556.100000 72.829693
34 607.700000 35.159162
34 718.500000 5.776148
34 762.200000 52.738743
34 781.000000 62.784218
34 812.600000 326.477932
34 842.500000 173.284441
34 482.000000 27.625056
34 516.600000 55.250112
34 524.500000 37.670531
34 579.000000 87.897905
34 735.400000 32.647793
34 797.300000 178.307178
34 808.600000 15.068212
34 828.500000 37.670531
34 858.900000 50.227374
34 837.800000 102.966117
34 867.300000 57.761480
34 644.300000 17.579581
34 704.300000 15.570486
34 748.800000 80.363799
34 818.100000 32.647793
34 848.300000 52.738743
34 854.300000 13.561391
34 891.000000 3.767053
34 534.600000 19.337539
34 448.000000 27.625056
34 621.400000 11.552296
34 828.500000 37.670531
34 857.300000 11.552296
34 878.200000 27.625056
34 908.600000 464.603211
34 576.000000 62.784218
34 596.000000 2.009095
34 692.000000 7.785243
34 846.700000 28.880740
34 876.300000 45.204637
34 896.100000 21.346634
34 927.000000 1.255684
34 863.000000 3.767053
34 893.000000 2.511369
34 641.000000 3.767053
34 910.000000 3.013642
34 941.600000 13.812528
34 971.700000 2.009095
34 623.800000 32.647793
34 920.000000 2.260232
34 938.000000 2.009095
34 970.000000 27.625056
34 999.800000 5.776148
34 1015.200000 3.013642
34 958.700000 12.054570
34 990.000000 6.780696
34 1020.000000 3.767053
34 995.000000 1.255684
34 1025.000000 3.013642
35 84.373000 0.001506
35 131.613000 0.000161
35 215.983000 0.000313
35 166.410000 0.000128
35 74.400000 0.000000
35 205.930000 0.000024
35 142.000000 0.000000
35 182.200000 0.000000
35 228.500000 0.000000
35 700.500000 0.000000
35 832.000000 0.000000
35 742.200000 0.000000
35 908.100000 0.000000
35 992.900000 0.000000
36 67.672000 0.058431
36 143.872000 0.007566
36 186.053000 0.001363
36 253.729000 0.001723
36 67.810000 0.000000
36 110.000000 0.000009
36 253.800000 0.000132
36 205.100000 0.000001
36 124.800000 0.000000
36 235.000000 0.000001
36 570.500000 0.000001
36 551.800000 0.000000
36 620.000000 0.000000
37 9.183000 933178253.826065
37 58.570000 850911223.554557
37 68.500000 10805221.886407
37 77.690000 7735556.577769
37 25.650000 24802895693.798050
37 84.214000 12278661234.553490
37 17.195000 503425110.616693
37 42.810000 109280084.987526
37 18.055000 171901257.283749
37 93.020000 85950628.641874
37 102.270000 810391641.480530
37 53.200000 868490672.687930
37 72.751000 469044859.159943
37 89.950000 1841799185.183023
37 115.630000 1841799.185183
37 165.000000 6384903.841968
37 174.150000 32906812.108603
37 81.228000 1633061944.195614
37 82.087000 761276996.542316
37 99.278000 243117492.444159
37 105.790000 14488820.256773
37 124.927000 108052218.864071
37 183.489000 61638879.397459
37 44.080000 1350652.735801
37 106.610000 32784025.496258
37 116.830000 41256301.748100
37 134.030000 46536126.078958
37 140.540000 1350652.735801
37 63.860000 41747448.197482
37 73.000000 12278661.234553
37 135.670000 146116068.691187
37 145.060000 10682435.274062
37 145.940000 58937573.925857
37 163.101000 286092806.765096
37 169.650000 2455732.246911
37 188.760000 6016544.004931
37 240.270000 552539.755555
37 308.780000 785834.319011
37 317.870000 185407.784642
37 136.750000 8103916.414805
37 217.940000 73671967.407321
37 236.040000 17190125.728375
37 242.510000 1547111.315554
37 311.000000 5770970.780240
37 320.150000 294687.869629
37 249.600000 1473439.348146
37 250.450000 1227866.123455
37 267.720000 2664469.487898
37 274.100000 62621.172296
37 351.800000 122786.612346
38 63.810000 0.000966
38 140.880000 0.000077
39 73.920000 392061.302949
39 10.000000 0.000000
39 29.490000 36190.274118
39 62.860000 482536.988244
39 92.380000 64237736.560030
39 63.290000 110531128.869722
39 92.800000 63332979.707071
39 73.920000 0.000000
39 103.350000 94999.469561
39 20.020000 150792.808826
39 83.300000 1809513.705916
39 112.810000 6333297.970707
40 803.060000 0.000000
40 363.300000 0.000000
40 1166.400000 0.000000
41 569.698000 362.727881
41 328.100000 278.418157
41 897.770000 51566.179793
42 2614.511000 0.045333
42 583.187000 0.038628
42 3197.700000 0.000003
42 277.371000 0.002999
42 860.557000 0.005681
42 3475.100000 0.000001
42 233.360000 0.000141
42 510.770000 0.010271
42 1093.900000 0.000195
42 3708.400000 0.000002
42 211.400000 0.000082
42 722.040000 0.000109
42 748.700000 0.000021
42 252.610000 0.000354
42 485.950000 0.000022
42 763.130000 0.000813
42 3960.900000 0.000001
42 1381.100000 0.000003
42 650.100000 0.000023
42 927.600000 0.000057
42 705.200000 0.000010
42 982.700000 0.000093
42 1647.500000 0.000001
42 587.700000 0.000027
42 821.200000 0.000019
42 1125.700000 0.000002
42 883.300000 0.000014
42 1160.800000 0.000005
42 1744.000000 0.000001
42 1185.200000 0.000008
42 1282.800000 0.000024
43 799.600000 0.000009
43 296.000000 0.000007
43 97.000000 0.000000
43 83.000000 0.000000
43 1070.000000 0.000001
43 1110.000000 0.000001
43 1410.000000 0.000000
43 1316.000000 0.000002
43 860.000000 0.000001
43 2270.000000 0.000000
43 1590.000000 0.000000
43 2360.000000 0.000001
43 1210.000000 0.000002
43 2430.000000 0.000001
43 2010.000000 0.000001
43 480.000000 0.000000
44 53.200000 208.466049
44 120.900000 57.963731
44 454.950000 0.042371
44 508.200000 0.025423
44 581.700000 0.020338
44 634.900000 0.023728
44 503.500000 0.001339
44 624.400000 0.001424
44 677.600000 0.001695
45 42.020000 122909414.070556
45 54.250000 28919862.134248
45 96.090000 229293192.635827
45 120.350000 39248384.325051
45 143.765000 19737805906.624580
45 185.713000 103285221908.030258
45 19.550000 1053384285.665304
45 109.176000 2953957346.569665
45 163.357000 9161399183.242283
45 205.311000 9089099527.906662
45 221.392000 207603296.035141
45 31.600000 82628177.526424
45 51.210000 60938280.925738
45 74.940000 132205084.042279
45 140.759000 381122468.840632
45 194.942000 1149564519.836377
45 198.927000 76431064.211942
45 240.876000 122909414.070556
45 34.700000 67135394.240220
45 54.100000 2065704.438161
45 179.297000 22722748.819767
45 233.470000 59905428.706658
45 275.428000 15492783.286205
45 41.100000 0.000000
45 72.700000 557740198.303363
45 115.450000 45652068.083349
45 182.100000 0.000000
45 301.700000 9605525.637447
45 76.198000 8366102.974550
45 95.700000 0.000000
45 275.129000 42346940.982292
45 317.063000 1962419.216253
45 228.785000 12497511.850872
45 282.920000 8159532.530734
45 136.550000 46168494.192890
45 173.000000 20657044.381606
45 281.440000 11361374.409883
45 289.560000 9605525.637447
45 343.500000 12910652.738504
45 147.000000 0.000000
45 150.937000 132205084.042279
45 182.504000 742620745.518737
45 202.110000 1931433649.680166
45 291.650000 66102542.021139
45 345.920000 61971133.144818
45 387.840000 49990047.403487
45 64.450000 3118044.434959
45 215.300000 53295174.504544
45 246.830000 91923847.498147
45 266.470000 11877800.519423
45 291.200000 0.000000
45 356.030000 4337979.320137
45 410.290000 4131408.876321
45 142.400000 9295669.971723
45 428.710000 2478845.325793
45 448.400000 1962419.216253
46 49.460000 580764.771145
46 112.790000 139964.309846
46 171.150000 464.611817
47 49.550000 1930147.952949
47 113.500000 307617.330001
48 1332.492000 3699356.200000
48 826.100000 281.200000
48 2158.570000 44.400000
48 347.140000 277.500000
48 1173.228000 3694450.000000
48 2505.692000 0.074000
49 80.185000 96797.550000
49 163.930000 781.014500
49 177.214000 9951.150000
49 284.305000 226464.050000
49 364.489000 3015500.000000
49 324.651000 784.030000
49 404.814000 2020.385000
49 232.180000 117.604500
49 272.498000 2131.958500
49 295.800000 66.341000
49 636.989000 264760.900000
49 302.400000 174.899000
49 325.789000 10101.925000
49 503.004000 13298.355000
49 85.900000 3.317050
49 318.088000 2864.725000
49 358.400000 603.100000
49 642.719000 8021.230000
49 722.911000 65436.350000
50 89.500000 136.900000
50 140.511000 3293000.000000
50 142.630000 821.400000
